
A <- c(1,2,3)
A/2